0,1,2
0,3,8
1,4,9
2,1,0
2,5,10
3,4,5
3,8,15
4,9,16
5,4,3
5,10,17
6,7,8
6,13,20
7,8,9
7,14,21
8,7,6
8,15,22
8,9,10
8,3,0
9,8,7
9,16,23
9,10,11
9,4,1
10,9,8
10,17,24
10,11,12
10,5,2
11,10,9
11,18,25
12,11,10
12,19,26
13,14,15
14,15,16
15,14,13
15,22,27
15,16,17
15,8,3
16,15,14
16,23,28
16,17,18
16,9,4
17,16,15
17,24,29
17,18,19
17,10,5
18,17,16
19,18,17
20,13,6
20,21,22
21,14,7
21,22,23
22,21,20
22,27,30
22,23,24
22,15,8
23,22,21
23,28,31
23,24,25
23,16,9
24,23,22
24,29,32
24,25,26
24,17,10
25,24,23
25,18,11
26,25,24
26,19,12
27,22,15
27,28,29
28,23,16
29,28,27
29,24,17
30,27,22
30,31,32
31,28,23
32,31,30
32,29,24